SNR: 10
b-values: [  0  15  30  45  60  75  90 105 120 135 150 175 200 400 600 800]
DtSUPER parameters error: [0.08937597 2.62651018 0.22927787 0.47111891 0.25685735 0.10133176
 0.91978779 0.50209516 0.03517595 1.8181671  0.1742292  0.0115277
 0.07204354 0.13486831 0.2768828  0.26685883 0.10658598 0.342527
 0.26124878 0.79869727 0.15720902 0.59309736 0.51472981 0.48747715
 0.37741306 1.04424008 0.00493525 0.20730474 0.89429178 2.12087663
 0.67746927 1.02785444 0.62956359 0.45064589 0.16431217 3.70357875
 0.3171551  0.33769695 0.11108949 0.03873137 4.03632039 0.0412727
 0.24665046 0.02316562 0.27462148 0.01954854 0.27024338 0.08113907
 0.17103904 0.1431741  0.74836578 0.21578223 0.21107054 0.04296884
 0.61207632 0.46486623 0.12354224 0.17028644 1.7272156  0.73299219
 0.32009103 1.30473017 0.33476602 0.55922411 0.43785269 0.04036222
 2.26339091 0.90570359 0.81661454 0.06771643 0.83628764 0.12227626
 4.10719975 0.51005974 0.15241248 0.51933902 0.26197808 0.79555982
 0.01083692 1.45003317 0.44331955 3.12806628 2.06365962 0.15053712
 1.63196733 0.10869064 0.47596558 0.32881267 0.06749391 0.32881672
 0.04546361 0.06229307 0.3848555  0.31720641 0.74408518 0.22536186
 0.40047598 0.14377966 1.76027811 0.13611685]
FpSUPER parameters error: [0.32442325 0.46777901 0.4743765  0.15851745 0.00443738 0.32489915
 0.1174906  0.13928604 0.25845426 0.62798736 0.04568252 0.2035636
 0.16915928 0.43940253 0.09717616 0.03421267 0.10056693 0.71906734
 0.09067873 0.06312387 0.06719645 0.074004   0.1012652  0.13636038
 0.15113482 0.78880343 0.25328738 0.29266068 0.56635546 0.14998883
 0.09066811 0.09964046 0.05212208 0.17639806 0.3915859  0.05489592
 0.14338167 0.11993695 0.15340376 0.32270896 0.01139342 0.18223247
 0.3209925  0.21868024 0.05409512 0.38144427 0.26836159 0.15374013
 0.08041849 0.0875405  0.60409562 0.3353776  0.16654142 0.03631726
 0.40569709 0.41017136 0.16430573 0.07900214 0.06992327 0.09106702
 0.03357508 0.35197606 0.26325952 0.0137906  0.07156194 0.9901971
 0.06842709 0.41728313 0.36218588 0.01223277 0.73345807 0.17573321
 0.17475574 0.08606543 0.87270614 0.2202363  0.21141184 0.31123105
 0.01226693 0.16092058 0.44020183 0.02718957 0.09105862 0.52863231
 0.09341315 0.06723508 0.08710661 0.76606143 0.06697035 0.14513893
 0.0154939  0.15725531 0.3409754  0.05912303 0.18073979 0.26597139
 0.16535227 0.0480895  0.34193088 0.0569019 ]
DpSUPER parameters error: [0.31331123 0.07503204 0.3804454  0.31909898 0.59944616 0.05845904
 0.16028242 0.29311203 0.06233008 0.2726644  0.30850297 0.15550379
 0.85623786 0.27039536 0.11855679 0.00697015 0.40793398 0.35750327
 2.28813075 0.12474683 0.14013829 0.18751021 0.13493406 0.19866326
 0.08387466 0.3342009  0.08552344 0.24024234 0.11948521 0.29432674
 0.118016   0.20181365 0.32625193 0.03081388 0.17875431 1.33652709
 0.25808928 0.79439723 0.06099524 0.06349835 0.58004294 0.12009953
 0.0386591  0.1568234  0.43095724 0.05585857 0.04307459 1.99387602
 0.27094006 0.03100872 0.1143423  0.0938454  0.20355879 0.63251025
 0.2749404  0.20603501 0.09150512 0.04514246 0.29817455 0.10813654
 0.1246397  0.49483309 0.29541532 1.07728379 0.04336533 0.08221133
 0.35894262 0.16908842 0.06678361 0.1654799  0.09757671 1.79479306
 0.13833548 0.02339939 0.08761267 0.7311981  0.18689513 0.30893428
 0.13961253 0.05698882 0.29471941 0.41513715 0.38215846 0.06344049
 0.18854821 0.03477262 1.09613924 0.01540746 0.08664353 0.3015325
 0.33635677 0.16858276 0.22550945 0.04712705 1.00542029 0.1338133
 1.8514925  0.11477014 0.32483202 0.34831847]
S0SUPER parameters error: [4.33844328e-03 9.19342041e-03 5.41799068e-02 5.95110655e-02
 1.61755085e-03 5.38825989e-05 1.52220726e-02 2.07446814e-02
 2.73712873e-02 6.96636438e-02 2.77149677e-03 2.06494331e-02
 7.82040358e-02 5.34772873e-04 2.71854401e-02 6.97171688e-02
 5.74918985e-02 5.37602901e-02 4.25672531e-03 1.18944645e-02
 8.22138786e-03 8.66165161e-02 3.69533300e-02 1.74906254e-02
 1.67452693e-02 7.08453655e-02 3.16454172e-02 1.70050859e-02
 1.33098364e-02 5.79929352e-02 8.61489773e-03 1.01549268e-01
 2.12457180e-02 1.09584332e-02 3.44953537e-02 3.45230103e-04
 4.44172621e-02 1.01411343e-02 3.78037691e-02 1.04959011e-02
 7.97228813e-02 1.68652534e-02 4.00607586e-02 6.31473064e-02
 1.15460515e-01 2.67500877e-02 1.91518068e-02 8.21560621e-02
 2.88689137e-02 4.03839350e-02 1.24847889e-01 6.48725033e-03
 1.28953457e-02 1.82884932e-02 2.62144804e-02 8.02253485e-02
 1.39398575e-02 4.43083644e-02 7.20160007e-02 5.61833382e-03
 7.45711327e-02 1.02864504e-01 3.80706787e-03 4.36711311e-02
 3.69083881e-03 1.07253432e-01 1.66511536e-03 2.13510990e-02
 3.38233709e-02 7.83884525e-03 1.76395774e-02 3.63368988e-02
 5.32841682e-03 7.53414631e-03 1.95828676e-02 9.44932699e-02
 7.26387501e-02 3.92198563e-03 5.24580479e-03 1.02659822e-01
 8.05258751e-04 9.34844017e-02 8.28742981e-04 1.80542469e-02
 8.34674835e-02 2.01253891e-02 1.26823783e-01 2.26213932e-02
 2.25620270e-02 3.64136696e-03 6.25474453e-02 6.50839210e-02
 2.65396833e-02 1.96534991e-02 1.30641222e-01 2.37535834e-02
 8.06212425e-02 4.18115854e-02 1.61755085e-02 4.90462780e-02]
