SNR: 10
b-values: [  0  15  30  45  60  75  90 105 120 135 150 175 200 400 600 800]
DtNET parameters error: [0.02179011 1.95849469 0.52624007 0.66383211 0.39245652 0.10736478
 0.41806909 0.62561539 0.14616219 0.36062136 0.20177182 0.21658013
 0.35439329 0.11510371 0.01365595 0.52420185 0.10033319 0.14793208
 0.32065766 0.43067736 0.04064839 0.79403982 0.05828164 0.60920602
 0.48469835 0.33769659 0.39973278 0.14778699 1.00878493 0.62954588
 0.19203572 0.20808846 0.10877826 0.56369262 0.10930192 3.38012224
 0.18037576 0.39227645 0.32518886 0.0837068  2.19277827 0.26199146
 0.24289541 0.37620859 0.29854408 0.2381686  0.25219266 0.51834281
 0.27090354 0.23478123 0.30264138 0.05357434 0.387025   0.22213093
 0.05282748 0.73046474 0.26813174 0.20561583 0.53531605 0.36091804
 0.62155263 0.16440106 0.33817563 0.01093747 0.36150317 0.35425212
 1.99306449 0.51657463 0.56899178 0.19351108 0.47664995 0.2561371
 3.21836264 0.40746129 0.03044259 0.24224728 0.74620192 0.55405926
 0.09529238 0.06119743 0.56103027 1.08111755 1.94420538 0.18493772
 0.4750818  0.16696804 0.78548391 0.43322386 0.17200896 0.34003262
 0.40767179 0.07113492 0.11904826 0.40593216 0.42754494 0.10549872
 0.68305587 0.20447186 1.11287083 0.39212902]
FpNET parameters error: [0.50097847 0.08252994 0.33137495 0.0349342  0.15753906 0.11677022
 0.22175094 0.0321125  0.00224695 0.46813806 0.22278722 0.29714583
 0.33494948 0.05303333 0.21889825 0.11412133 0.40982433 0.43280649
 0.18381126 0.24500477 0.15183638 0.17453197 0.01427828 0.05748476
 0.37126721 0.50027626 0.41513479 0.03611093 0.30045891 0.04195914
 0.34907633 0.21393919 0.13906711 0.47450337 0.14097849 0.20933582
 0.02141866 0.2224124  0.26420636 0.11609209 0.12240143 0.12210525
 0.10097401 0.00241629 0.18962318 0.04565794 0.03344726 0.24494788
 0.23107051 0.37147021 0.50230762 0.55486645 0.29391455 0.23145547
 0.16438672 0.51059403 0.06120214 0.119728   0.17475343 0.06618245
 0.17417791 0.22561465 0.3759773  0.13371674 0.19772219 0.30803571
 0.19366882 0.00800658 0.07915078 0.21601335 0.22300854 0.28755897
 0.0182303  0.29042452 0.13803267 0.08558258 0.24360432 0.1997837
 0.28470714 0.05103667 0.07177195 0.07562351 0.02973268 0.24515045
 0.19034745 0.23517668 0.1333696  0.31386421 0.44098246 0.26505503
 0.10724292 0.2704468  0.16748925 0.06576272 0.26431075 0.3548029
 0.43333246 0.27542775 0.14930253 0.04672482]
DpNET parameters error: [0.35751483 0.17213536 0.24733569 0.21740024 0.77836732 0.05006931
 0.12155918 0.36839981 0.01740686 0.28593585 0.43252928 0.05083813
 0.95061476 0.27833227 0.01497668 0.03215244 0.50684918 0.25844466
 2.34998341 0.03203281 0.06859777 0.19319912 0.32561272 0.29910054
 0.00634114 0.32464039 0.27335517 0.29536622 0.17957718 0.31665765
 0.04184739 0.02433441 0.25349856 0.05905397 0.1649097  1.70566221
 0.15245331 1.00644188 0.21668296 0.14930423 0.53872749 0.29114407
 0.04405034 0.11813922 0.12952173 0.11668167 0.07711258 2.04231183
 0.19402616 0.1276532  0.44586982 0.19734914 0.36547084 0.79557341
 0.19819032 0.02724314 0.00927393 0.03526663 0.30758691 0.01320876
 0.07487725 0.50623099 0.20842758 1.39112952 0.13747141 0.12669272
 0.52079934 0.09497975 0.15118216 0.23942927 0.04556412 2.02099591
 0.07043114 0.02859412 0.03176086 0.72308374 0.65226167 0.25854489
 0.26352959 0.2613255  0.411677   0.24282417 0.525744   0.00461247
 0.1488391  0.12087693 0.047529   0.04711491 0.01430513 0.22723354
 0.5280136  0.20411999 0.12228211 0.06098279 0.25908728 0.25141582
 2.14775161 0.19964033 0.21632885 0.35439627]
S0NET parameters error: [0.01782417 0.02538496 0.02334499 0.03445601 0.0182544  0.00453907
 0.01297605 0.00922251 0.03904128 0.03152835 0.00724494 0.00306106
 0.06019282 0.00424665 0.00718081 0.04132748 0.03046095 0.02809334
 0.01977432 0.02410799 0.02186209 0.0524112  0.00790095 0.00265825
 0.02739048 0.04612398 0.00055265 0.01991916 0.01432741 0.02431285
 0.0071429  0.05926466 0.01073754 0.00084496 0.04156768 0.01890457
 0.0142498  0.03399217 0.02462649 0.00169945 0.05723679 0.00839895
 0.04131728 0.04097247 0.06437826 0.01884449 0.01842749 0.04766178
 0.05265278 0.05354083 0.09073138 0.00493556 0.01033282 0.00234747
 0.00379944 0.04755414 0.01075387 0.05903906 0.03487039 0.01742327
 0.04001188 0.0687151  0.01025677 0.0183208  0.01533967 0.07153594
 0.01316953 0.03681743 0.04401785 0.02181369 0.0415889  0.01018429
 0.01419818 0.00909007 0.02749515 0.05623937 0.0157032  0.0233072
 0.00707197 0.05477071 0.01441765 0.06301904 0.02373952 0.02708739
 0.04927313 0.02634299 0.09283996 0.01727343 0.03324324 0.0130775
 0.03877449 0.08032024 0.01169837 0.04144436 0.08905697 0.02943265
 0.05183387 0.05434757 0.01176852 0.02488732]
